{
  "advancedEditorSelectedIdentifier" : "ProjectBrowser",
  "openSceneRelativePaths" : [
    "Scene.usda"
  ],
  "recentIdentifiers" : {
    "26DBAE76-5DD8-47B6-A085-1B4ADA111097" : [

    ]
  },
  "sceneCameraHistory" : {
    "26DBAE76-5DD8-47B6-A085-1B4ADA111097" : [
      {
        "date" : 781113320.264142,
        "title" : "Untitled",
        "transform" : [
          0.9135422,
          1.2928786e-08,
          -0.4067439,
          0,
          -0.17653164,
          0.90090716,
          -0.39648804,
          0,
          0.36643848,
          0.43401185,
          0.82301676,
          0,
          0.1310651,
          0.1986389,
          0.6474759,
          1
        ]
      },
      {
        "date" : 781113290.508888,
        "title" : "Untitled",
        "transform" : [
          0.8990354,
          1.2928784e-08,
          -0.43787572,
          0,
          -0.19004324,
          0.90090716,
          -0.39019197,
          0,
          0.3944854,
          0.43401185,
          0.80994755,
          0,
          0.24181402,
          0.09789891,
          0.34643844,
          1
        ]
      },
      {
        "date" : 781113287.767856,
        "title" : "Untitled",
        "transform" : [
          0.99754703,
          1.2928784e-08,
          -0.069998495,
          0,
          -0.030380186,
          0.90090716,
          -0.4329472,
          0,
          0.06306215,
          0.43401185,
          0.8986974,
          0,
          0.104210556,
          0.11425794,
          0.33290306,
          1
        ]
      },
      {
        "date" : 781113260.365552,
        "title" : "Untitled",
        "transform" : [
          0.99754703,
          1.2928784e-08,
          -0.069998495,
          0,
          -0.030380186,
          0.90090716,
          -0.4329472,
          0,
          0.06306215,
          0.43401185,
          0.8986974,
          0,
          0.34105152,
          0.12451247,
          0.3113315,
          1
        ]
      },
      {
        "date" : 781113232.641536,
        "title" : "Untitled",
        "transform" : [
          0.99754703,
          1.3817147e-08,
          -0.069998495,
          0,
          -0.030380154,
          0.9009072,
          -0.4329472,
          0,
          0.06306216,
          0.4340118,
          0.89869744,
          0,
          0.1316623,
          0.22066018,
          0.4667641,
          1
        ]
      },
      {
        "date" : 781113185.800333,
        "title" : "Untitled",
        "transform" : [
          0.99754703,
          1.3817147e-08,
          -0.069998495,
          0,
          -0.030380154,
          0.9009072,
          -0.4329472,
          0,
          0.06306216,
          0.4340118,
          0.89869744,
          0,
          0.03230977,
          0.18832698,
          0.48935056,
          1
        ]
      },
      {
        "date" : 781113164.924917,
        "title" : "Untitled",
        "transform" : [
          0.99994,
          7.246585e-10,
          0.010952201,
          0,
          0.010945529,
          0.034899455,
          -0.9993309,
          0,
          -0.00038222634,
          0.99939084,
          0.03489735,
          0,
          0.0018240175,
          0.45927152,
          0.072637886,
          1
        ]
      },
      {
        "date" : 781113162.616527,
        "title" : "Untitled",
        "transform" : [
          0.99994004,
          -3.5652307e-11,
          0.010952201,
          0,
          0.010945529,
          0.034899555,
          -0.9993309,
          0,
          -0.0003822272,
          0.9993909,
          0.03489749,
          0,
          0.0010051425,
          0.8212823,
          -0.18505758,
          1
        ]
      },
      {
        "date" : 781113043.467552,
        "title" : "Untitled",
        "transform" : [
          0.99994004,
          -3.5652307e-11,
          0.010952201,
          0,
          0.010945529,
          0.034899555,
          -0.9993309,
          0,
          -0.0003822272,
          0.9993909,
          0.03489749,
          0,
          0.0007333795,
          0.5074969,
          -0.092146024,
          1
        ]
      },
      {
        "date" : 781113016.418159,
        "title" : "Untitled",
        "transform" : [
          0.99994004,
          -3.565232e-11,
          0.010952201,
          0,
          0.01094553,
          0.0348995,
          -0.999331,
          0,
          -0.00038222657,
          0.9993909,
          0.03489743,
          0,
          0.00044464145,
          0.17411138,
          0.0065690726,
          1
        ]
      }
    ]
  },
  "sceneViewportBackgroundColors" : {

  },
  "selectedSceneRelativePath" : "Scene.usda"
}